电影名称,电影片长,上映时间,导演,评分
憨豆先生精选辑 The Best Bits of Mr. Bean,['72分钟'],['1997'],"['约翰·伯金', '约翰·霍华德·戴维斯']",9.6
美丽人生 La vita è bella,['116分钟'],"['2020-01-03(中国大陆)', '1997-12-20(意大利)']",['罗伯托·贝尼尼'],9.5
福尔摩斯二世 Sherlock Jr.,['45分钟'],['1924-04-21(美国)'],['巴斯特·基顿'],9.5
黄子华栋笃笑之金盆?口 黄子华栋笃笑之金盆啷口,['160分钟'],['2018-07-06(中国香港)'],['黄子华'],9.5
极品基老伴：完结篇 Vicious Series Finale,['47分钟'],"['2016-06-19(美国)', '2016-12-16(英国)']",['埃德·拜'],9.4
拽妹黛薇儿要上大学了没 Daria: Is it College Yet?,['90分钟'],['2002-01-21'],['Karen Disher'],9.4
放牛班的春天 Les choristes,['97分钟'],"['2004-10-16(中国大陆)', '2021(中国大陆重映)', '2004-03-17(法国)']",['克里斯托夫·巴拉蒂'],9.3
触不可及 Intouchables,['112分钟'],['2011-11-02(法国)'],"['奥利维埃·纳卡什', '埃里克·托莱达诺']",9.3
鬼子来了,['139分钟'],"['2000-05-12(戛纳电影节)', '2002-04-27(日本)']",['姜文'],9.3
摩登时代 Modern Times,['87分钟'],['1936-02-25(美国)'],['查理·卓别林'],9.3
城市之光 City Lights,['87 分钟'],"['1931-01-30(洛杉矶首映)', '1931-03-07(美国)']",['查理·卓别林'],9.3
狐妖小红娘剧场版：王权富贵,['160分钟'],['2016-05-20(中国大陆)'],['王昕'],9.3
丹尼尔·斯洛斯：现场表演 Daniel Sloss: Live Shows,['118分钟（两集）'],['2018-09-11(美国)'],[],9.3
西蒙·阿姆斯特尔：顺其自然 Simon Amstell: Do Nothing,['60分钟'],[],['Michael Matheson'],9.3
跳出我天地音乐剧 Billy Elliot the Musical,['169分钟'],['2014-09-28'],['史蒂芬·戴德利'],9.3
三傻大闹宝莱坞 3 Idiots,['171分钟(印度)'],"['2011-12-08(中国大陆)', '2009-12-25(印度)']",['拉吉库马尔·希拉尼'],9.2
疯狂动物城 Zootopia,['109分钟(中国大陆)'],"['2016-03-04(中国大陆/美国)', '2020-07-24(中国大陆重映)']","['拜伦·霍华德', '瑞奇·摩尔', '杰拉德·布什']",9.2
大话西游之大圣娶亲 西遊記大結局之仙履奇緣,['95分钟'],"['2014-10-24(中国大陆)', '2017-04-13(中国大陆重映)', '1995-02-04(中国香港)']",['刘镇伟'],9.2
淘金记 The Gold Rush,['95分钟(默片版)'],['1925-06-26(美国)'],['查理·卓别林'],9.2
寻子遇仙记 The Kid,['68分钟'],['1921-02-06(美国)'],['查理·卓别林'],9.2
你逃我也逃 To Be or Not to Be,['99 分钟'],['1942-03-06'],['恩斯特·刘别谦'],9.2
马戏团 The Circus,['71分钟'],['1928-01-06(美国)'],['查理·卓别林'],9.2
"欢乐树的朋友们：第二发球 Happy Tree Friends, Volume 2: Second Serving",['60分钟'],['2003'],"['Rhode Montijo', 'Kenn Navarro']",9.2
"欢乐树的朋友们：第三击 Happy Tree Friends, Volume 3: Third Strike",['135分钟'],['2004-08-01'],"['Rhode Montijo', 'Kenn Navarro']",9.2
迪兰·莫兰：脱身 Dylan Moran: Off the Hook,['75分钟'],['2015-11-30'],['John Gordillo'],9.2
乔治·卡林：你们都有病 George Carlin: You Are All Diseased,['65分钟'],['1999'],['Rocco Urbisci'],9.2
怦然心动 Flipped,['90分钟'],"['2010-07-26(好莱坞首映)', '2010-09-10(美国)']",['罗伯·莱纳'],9.1
寻梦环游记 Coco,['105分钟'],"['2017-11-24(中国大陆)', '2020-07-20(中国大陆重映)', '2017-11-22(美国)']","['李·昂克里奇', '阿德里安·莫利纳']",9.1
"两杆大烟枪 Lock, Stock and Two Smoking Barrels",['107分钟'],['1998-08-28(英国)'],['盖·里奇'],9.1
大独裁者 The Great Dictator,['125 分钟'],['1940-10-15'],['查理·卓别林'],9.1
将军号 The General,['67分钟'],"['1926-12-25(美国首映)', '1927-01-02(美国)']","['巴斯特·基顿', '克莱德·布鲁克曼']",9.1
流浪者之歌 Дом за веша?е,['142分钟'],['1988-12-21'],['埃米尔·库斯图里卡'],9.1
欢乐树的朋友们 Happy Tree Friends,['74 分钟'],['2006-05-03'],"['Rhode Montijo', 'Kenn Navarro']",9.1
欢乐树的朋友们：赶尽杀绝 Happy Tree Friends: Overkill,['84分钟'],['2005-11-28'],"['Alan Lau', 'Kenn Navarro']",9.1
欢乐树的朋友们：滑雪巡逻救生队 Happy Tree Friends: Ski Patrol,['74分钟'],['2006-04-12'],['Jason Sadler'],9.1
迪兰·莫兰：是什么？ Dylan Moran Live: What It Is,['UK: 77 分钟'],['2009'],['Randall Churchill'],9.1
我不是药神,['117分钟'],"['2018-07-05(中国大陆)', '2018-06-30(大规模点映)']",['文牧野'],9
飞屋环游记 Up,['96分钟'],"['2009-08-04(中国大陆)', '2009-05-13(戛纳电影节)', '2009-05-29(美国)']","['彼特·道格特', '鲍勃·彼德森']",9
大话西游之月光宝盒 西遊記第壹佰零壹回之月光寶盒,['87分钟'],"['2014-10-24(中国大陆)', '1995-01-21(中国香港)']",['刘镇伟'],9
罗马假日 Roman Holiday,['118分钟'],"['1953-08-20(威尼斯电影节)', '1953-09-02(美国)']",['威廉·惠勒'],9
雨中曲 Singin&#39; in the Rain,['103分钟'],['1952-04-11(美国)'],"['斯坦利·多南', '吉恩·凯利']",9
东京教父 東京ゴッドファーザーズ,['92分钟'],['2003-11-08(日本)'],['今敏'],9
西力传 Zelig,['79分钟'],['1983-07-15'],['伍迪·艾伦'],9
欢乐树的朋友们：第一滴血 Happy Tree Friends: Volume 1: First Blood,['USA: 110 分钟'],['2002-02-18'],"['Rhode Montijo', 'Kenn Navarro']",9
木更津猫眼 世界系列 木更津キャッツアイ ワールドシリーズ,['131分钟'],['2006-10-28'],['金子文纪'],9
阿德曼动画精选：超级无敌掌门狗 Wallace &amp; Gromit: The Best of Aardman Animation,['75分钟'],['1996-06-14(美国)'],['尼克·帕克'],9
小不列颠：现场版 Little Britain: Live,['79 分钟'],['2006-11-13'],['Geoff Posner'],9
日本之形 日本の形,['Japan: 60 分钟'],['2007-02-10'],['NAMIKIBASHI'],9
克里斯·洛克：无所畏惧 Chris Rock: Never Scared,['90分钟'],['2004-04-17(美国)'],['Joel Gallen'],9
让子弹飞,['132分钟'],['2010-12-16(中国大陆)'],['姜文'],8.9
绿皮书 Green Book,['130分钟'],"['2019-03-01(中国大陆)', '2018-09-11(多伦多电影节)', '2018-11-16(美国)']",['彼得·法雷里'],8.9
布达佩斯大饭店 The Grand Budapest Hotel,['99分钟'],"['2014-02-06(柏林电影节)', '2014-03-28(美国)']",['韦斯·安德森'],8.9
低俗小说 Pulp Fiction,['154分钟'],"['1994-05-12(戛纳电影节)', '1994-10-14(美国)']",['昆汀·塔伦蒂诺'],8.9
7号房的礼物 7??? ??,['127分钟'],['2013-01-23(韩国)'],['李焕庆'],8.9
玩具总动员3 Toy Story 3,['103分钟'],"['2010-06-16(中国大陆)', '2010-06-18(美国)']",['李·昂克里奇'],8.9
玛丽和马克思 Mary and Max,['92分钟'],"['2009-01-15(圣丹斯电影节)', '2009-04-09(澳大利亚)']",['亚当·艾略特'],8.9
喜宴 囍宴,['108分钟'],"['1993-02(柏林电影节)', '1993-08-04(美国)']",['李安'],8.9
虎口脱险 La grande vadrouille,['132分钟'],['1966-12-08(法国)'],['热拉尔·乌里'],8.9
芝加哥 Chicago,['113 分钟'],['2002-12-27(美国)'],['罗伯·马歇尔'],8.9
热情如火 Some Like It Hot,['120 分钟'],['1959-03-29'],['比利·怀德'],8.9
心理游戏 マインド?ゲーム,['103 分钟'],['2004-08-07(日本)'],['汤浅政明'],8.9
"玉女风流 One, Two, Three",['115分钟'],['1961-12-16(美国)'],['比利·怀德'],8.9
黄色潜水艇 Yellow Submarine,['90分钟'],"['1968-07-17(英国)', '2018-07-08(美国重映)']",['乔治·杜宁'],8.9
七次机会 Seven Chances,['56分钟'],['1925-03-11'],['巴斯特·基顿'],8.9
安全至下 Safety Last!,['74分钟'],['1923-04-01'],"['弗雷德·C·纽迈尔', '山姆·泰勒']",8.9
魔法阿妈 魔法阿嬷,['80分钟'],['1998-04-03(中国台湾)'],['王小棣'],8.9
从军记 Shoulder Arms,['36分钟'],"['1918-10-20(美国点映)', '1918-10-27(美国)']",['查理·卓别林'],8.9
我出生了，但…… 大人の見る絵本 生れてはみたけれど,['100 分钟'],['1932-06-03(日本)'],['小津安二郎'],8.9
阿曼动画之超级无敌掌门狗系列1 Wallace &amp; Gromit: The Aardman Collection,[],['1995-06-15'],"['尼克·帕克', '彼得·洛德', 'Richard Goleszowski']",8.9
同性三分亲 Torch Song Trilogy,['120 分钟'],['1988-12-14'],['保罗·博加特'],8.9
寄生虫 ???,['132分钟'],"['2019-05-21(戛纳电影节)', '2019-05-30(韩国)']",['奉俊昊'],8.8
喜剧之王 喜劇之王,['89分钟'],['1999-02-13(中国香港)'],"['周星驰', '李力持']",8.8
阳光姐妹淘 ??,['124分钟'],['2011-05-04(韩国)'],['姜炯哲'],8.8
时空恋旅人 About Time,['123分钟'],['2013-09-04(英国)'],['理查德·柯蒂斯'],8.8
菊次郎的夏天 菊次郎の夏,['121分钟'],"['2020-09-25(中国大陆)', '1999-05-20(戛纳电影节)', '1999-06-05(日本)']",['北野武'],8.8
幸福终点站 The Terminal,['128分钟'],"['2005-01-14(中国大陆)', '2004-06-18(美国)']",['史蒂文·斯皮尔伯格'],8.8
荒蛮故事 Relatos salvajes,['122分钟'],"['2014-05-17(戛纳电影节)', '2014-08-21(阿根廷)']",['达米安·斯兹弗隆'],8.8
纵横四海 緃横四海,['108分钟'],['1991-02-02(中国香港)'],['吴宇森'],8.8
坠入 The Fall,['117分钟'],"['2006-09-09(多伦多电影节)', '2008-05-30(美国)']",['塔西姆·辛'],8.8
我能说 ?? ? ???,['119分钟'],['2017-09-21(韩国)'],['金炫锡'],8.8
奇爱博士 Dr. Strangelove or: How I Learned to Stop Worrying and Love the Bomb,['95 分钟'],['1964-01-29(美国)'],['斯坦利·库布里克'],8.8
再见列宁 Good Bye Lenin!,['121分钟'],"['2003-02-09(柏林电影节)', '2003-02-13(德国)']",['沃尔夫冈·贝克 '],8.8
面子 Saving Face,['91 分钟'],['2004-09-12(多伦多电影节)'],['伍思薇'],8.8
上帝也疯狂2 The Gods Must Be Crazy II,['98 分钟'],['1989-07-26'],['加美·尤伊斯'],8.8
我的邻居山田君 ホーホケキョとなりの山田くん,['104 分钟'],['1999-07-17(日本)'],['高畑勋'],8.8
一夜风流 It Happened One Night,['105 分钟'],['1934-02-22(美国)'],['弗兰克·卡普拉'],8.8
与玛格丽特的午后 La tête en friche,['82分钟'],['2010-06-02(法国)'],['让·贝克'],8.8
椿三十郎,['96分钟'],['1962-01-01(日本)'],['黑泽明'],8.8
办公室的故事 Служебный Роман,['159分钟'],['1977-02-03(苏联)'],['埃利达尔·梁赞诺夫'],8.8
邮差 Il postino,['108分钟'],['1994-09-01'],"['迈克尔·莱德福', '马西莫·特洛伊西']",8.8
阿玛柯德 Amarcord,['123分钟'],['1973-12-18(意大利)'],['费德里科·费里尼'],8.8
黄阿丽：小眼镜蛇 Ali Wong: Baby Cobra,['60分钟'],['2016-05-05(美国)'],['杰伊·卡拉斯'],8.8
舞台春秋 Limelight,['137 分钟'],['1952-10-16(英国)'],['查理·卓别林'],8.8
特雷弗·诺亚：天黑黑心慌慌 Trevor Noah: Afraid of the Dark,['67分钟'],['2017-02-21(美国)'],['David Paul Meyer'],8.8
阴道独白 The Vagina Monologues,['76分钟'],['2002-02-14(美国)'],['伊娃·恩斯特'],8.8
儿子 息子,['121分钟'],['1991-10-12(日本)'],['山田洋次'],8.8
小羊肖恩：美好时光 Shaun The Sheep: A Woolly Good Time,['45分钟'],['2010(英国)'],"['克里斯托弗·萨德勒', '理查德·斯塔扎克']",8.8
出租车司机冒险记 Adventures of a Taxi Driver,['89 分钟'],['1976-05-23(英国)'],['Stanley A. Long'],8.8
唐伯虎点秋香 唐伯虎點秋香,['102 分钟'],['1993-07-01(中国香港)'],['李力持'],8.7
功夫,['100分钟(3D重映)'],"['2004-12-23(中国大陆/中国香港)', '2015-01-15(中国大陆3D)', '2004-09-14(多伦多电影节)']",['周星驰'],8.7
超能陆战队 Big Hero 6,['102分钟'],"['2015-02-28(中国大陆)', '2020-07-31(中国大陆重映)', '2014-10-23(东京电影节)', '2014-11-07(美国)']","['唐·霍尔', '克里斯·威廉姆斯']",8.7
疯狂原始人 The Croods,['98分钟'],"['2013-04-20(中国大陆)', '2013-02-15(柏林电影节)', '2013-03-22(美国)']","['柯克·德·米科', '克里斯·桑德斯']",8.7
"怪兽电力公司 Monsters, Inc.",['92分钟'],"['2001-11-02(美国)', '2012-12-19(美国)']","['彼特·道格特', '大卫·西尔弗曼', '李·昂克里奇']",8.7
射雕英雄传之东成西就 射鵰英雄傳之東成西就,['113分钟(香港)'],['1993-02-05(中国香港)'],['刘镇伟'],8.7
头脑特工队 Inside Out,['95分钟'],"['2015-10-06(中国大陆)', '2015-06-19(美国)']","['彼特·道格特', '罗纳尔多·德尔·卡门']",8.7
无敌破坏王 Wreck-It Ralph,['101分钟'],"['2012-11-06(中国大陆)', '2012-11-02(美国)']",['瑞奇·摩尔'],8.7
大佛普拉斯,['102分钟'],"['2017-10-13(中国台湾)', '2017-06-29(台北电影节)']",['黄信尧'],8.7
遗愿清单 The Bucket List,['97 分钟'],"['2007-12-25(多伦多电影节)', '2008-01-11(美国)']",['罗伯·莱纳'],8.7
回到未来 Back to the Future,['116分钟'],['1985-07-03(美国)'],['罗伯特·泽米吉斯'],8.7
上帝也疯狂 The Gods Must Be Crazy,['109 分钟'],"['1980-09-10(南非)', '1981-08-21(挪威)']",['加美·尤伊斯'],8.7
疯狂约会美丽都 Les triplettes de Belleville,['Argentina: 80 分钟(Buenos Aires Festival Internacional de Cine Independiente)'],['2003-06-11(法国)'],['希尔万·肖默'],8.7
河童之夏 河童のクゥと夏休み,['138分钟'],['2007-07-28(日本)'],['原惠一'],8.7
热天午后 Dog Day Afternoon,['125 分钟'],['1975-09-21(美国)'],['西德尼·吕美特'],8.7
骗中骗 The Sting,['129分钟'],['1973-12-25'],['乔治·罗伊·希尔'],8.7
克劳斯：圣诞节的秘密 Klaus,['96分钟'],['2019-11-08(西班牙/英国)'],"['塞尔希奥·巴勃罗斯', '卡洛斯·马丁内斯·洛佩斯']",8.7
西伯利亚的理发师 Сибирский цирюльник,['180分钟'],"['1998-10-30(首映)', '1999-02-20(俄罗斯)']",['尼基塔·米哈尔科夫'],8.7
桃色公寓 The Apartment,['125 分钟'],['1960-06-15'],['比利·怀德'],8.7
亚当斯一家的价值观 Addams Family Values,['94 分钟'],['1993-11-19'],['巴里·索南菲尔德'],8.7
开罗紫玫瑰 The Purple Rose of Cairo,['82 分钟'],['1985-03-01'],['伍迪·艾伦'],8.7
玩乐时间 Play Time,['155分钟'],['1967-12-16(法国)'],['雅克·塔蒂'],8.7
五至七时的克莱奥 Cléo de 5 à 7,['90 分钟'],['1962-04-11(法国)'],['阿涅斯·瓦尔达'],8.7
王子与公主 Princes et princesses,['70 分钟'],['2002-11-18'],['Michel Ocelot'],8.7
街角的商店 The Shop Around the Corner,['99 分钟'],['1940-01-12'],['恩斯特·刘别谦'],8.7
摇滚芭比 Hedwig and the Angry Inch,['95 分钟'],['2001-07-20'],['约翰·卡梅隆·米切尔'],8.7
早安 お早よう,['94 分钟'],['1959-05-12'],['小津安二郎'],8.7
凡尔杜先生 Monsieur Verdoux,['124分钟'],['1947-04-11'],['查理·卓别林'],8.7
生命是个奇迹 Живот ?е чудо,['154分钟'],['2004-05-14'],['埃米尔·库斯图里卡'],8.7
毕加索的奇异旅程 Picassos ?ventyr,['115分钟'],['1978-05-20(瑞典)'],['泰治·丹尼尔森'],8.7
飞出个未来大电影1：班德大行动 Futurama: Bender&#39;s Big Score,['88 分钟'],['2007-11-27(美国)'],['Dwayne Carey-Hill'],8.7
猫和老鼠：魔法戒指 Tom and Jerry: The Magic Ring,['62分钟'],['2002-03-12(美国)'],['James T. Walker'],8.7
特雷弗·诺亚：派翠莎是我老妈 Trevor Noah: Son of Patricia,['63分钟'],['2018-11-20(美国)'],['David Paul Meyer'],8.7
生命的舞动 Inside I&#39;m Dancing,['104分钟'],['2004-10-15(英国)'],['戴米恩·奥唐纳'],8.7
秋天里的春光 Babí léto,['100分钟'],['2001-09-27(捷克)'],['伏拉基米尔·米切尔'],8.7
警察与小偷 Guardie e ladri,['105分钟'],['1951-11-29(意大利)'],"['马里奥·莫尼切利', '斯特诺']",8.7
快乐的结局 Stastny konec,['71 分钟'],"['1967(捷克斯洛伐克)', '1968-06-10(美国)']",['奥德里奇·利普斯基'],8.7
千面佳人 Penelope,['97 分钟'],['1966-11-10(美国)'],['阿瑟·希勒'],8.7
三毛学生意,['75分钟'],[],['黄佐临'],8.7
三个臭皮匠 The Three Stooges,['88分钟'],['2000-04-24(美国)'],['James Frawley'],8.7
救命！ Help!,['90 分钟'],['1965-07-29'],['理查德·莱斯特'],8.7
神偷奶爸 Despicable Me,['95分钟'],"['2010-06-20(莫斯科电影节)', '2010-07-09(美国)']","['皮埃尔·柯芬', '克里斯·雷纳德']",8.6
真爱至上 Love Actually,['135分钟'],"['2003-09-07(多伦多电影节)', '2003-11-06(美国)', '2003-11-21(英国)']",['理查德·柯蒂斯'],8.6
冰川时代 Ice Age,['81 分钟'],['2002-03-15(美国)'],"['卡洛斯·沙尔丹哈', '克里斯·韦奇']",8.6
九品芝麻官,['108分钟'],['1994-03-31(中国香港)'],['王晶'],8.6
再次出发之纽约遇见你 Begin Again,['104分钟'],"['2015-06-26(中国大陆)', '2013-09-07(多伦多电影节)', '2014-07-11(美国)']",['约翰·卡尼'],8.6
谁先爱上他的 誰先愛上他的,['100分钟'],"['2018-11-02(中国台湾)', '2018-04-22(乌迪内远东电影节)']","['徐誉庭', '许智彦']",8.6
玩具总动员4 Toy Story 4,['100分钟'],['2019-06-21(美国/中国大陆)'],['乔什·库雷'],8.6
海盗电台 The Boat That Rocked,['116 分钟'],['2009-04-01(英国)'],['理查德·柯蒂斯'],8.6
开心家族 ??? ???,['111分钟'],"['2011-11-29(中国大陆)', '2010-12-22(韩国)']",['金永卓'],8.6
土拨鼠之日 Groundhog Day,['101分钟'],['1993-02-12(美国)'],['哈罗德·雷米斯'],8.6
哪啊哪啊神去村 WOOD JOB！神去なあなあ日常,['116分钟'],['2014-05-10(日本)'],['矢口史靖'],8.6
巴黎淘气帮 Le petit Nicolas,['92分钟'],"['2013-02-10(中国大陆)', '2009-09-30(法国)']",['洛朗·蒂拉尔'],8.6
蝴蝶 Le papillon,['85 分钟'],['2002-12-18(法国)'],['费利普·弥勒'],8.6
机器管家 Bicentennial Man,['132分钟'],['1999-12-13(美国)'],['克里斯·哥伦布'],8.6
安妮·霍尔 Annie Hall,['93 分钟'],['1977-04-20'],['伍迪·艾伦'],8.6
小情人 ??????,['110分钟'],['2003-08-01(泰国)'],"['威特查·戈杰乌', '颂裕·素玛戈南', '尼提瓦·塔拉吞', '维塔亚·东俞扬', '埃迪森·特斯利卡森', '孔里特·契威摩']",8.6
内布拉斯加 Nebraska,['115分钟'],"['2013-05-23(戛纳电影节)', '2013-11-22(美国)']",['亚历山大·佩恩'],8.6
麻将 麻將,['121 分钟'],['1996-12-07'],['杨德昌'],8.6
解构爱情狂 Deconstructing Harry,['96 分钟'],['1997-12-12'],['伍迪·艾伦'],8.6
钢铁巨人 The Iron Giant,['86分钟'],['1999-08-06(美国)'],['布拉德·伯德'],8.6
甜蜜的生活 La Dolce Vita,['174分钟'],['1960-02-04(意大利)'],['费德里科·费里尼'],8.6
天堂陌影 Stranger Than Paradise,['89分钟'],['1984-11-09'],['吉姆·贾木许'],8.6
霹雳五号 Short Circuit,['98 分钟'],['1986-05-09'],['约翰·班德汉姆'],8.6
无声婚礼 Nunta Muta,['87分钟'],['2008-11-21(罗马尼亚)'],['霍拉丘·默勒埃莱'],8.6
流星语 流星語,['110分钟'],['1999-10-14(中国香港)'],['张之亮'],8.6
广播时间 ラヂオの時間,['103分钟'],['1997-11-08'],['三谷幸喜'],8.6
热带鱼 熱帶魚,['109分钟'],['1995-08-01(中国台湾)'],['陈玉勋'],8.6
星际宝贝史迪奇 Stitch! The Movie,['60分钟'],['2003-08-25(美国)'],"['托尼·克莱格', '罗伯茨·甘纳韦']",8.6
爵士春秋 All That Jazz,['123分钟'],['1979-12-20(美国)'],['鲍勃·福斯'],8.6
自由的幻影 Le fant?me de la liberté,['104分钟'],['1974-09-11(法国)'],['路易斯·布努埃尔'],8.6
纸月亮 Paper Moon,['102 分钟'],['1973-05-09'],['彼得·博格丹诺维奇'],8.6
稻草人,['94分钟'],"['1987-10-23(中国台湾)', '1988-04-15(中国香港)']",['王童'],8.6
落叶 Dead Leaves,['USA: 55 分钟(original version)'],['2004-01-17(日本)'],['今石洋之'],8.6
待客之道 Our Hospitality,['73 分钟(1995 alternate version)'],['1923-11-19(美国)'],"['约翰·G·布莱斯通', '巴斯特·基顿']",8.6
母亲的城堡 Le chateau de ma mère,['98分钟'],['1990-10-26'],['伊夫·罗贝尔'],8.6
"船长二世 Steamboat Bill, Jr.",['70分钟'],['1928-05-12(美国)'],"['查尔斯·赖斯纳', '巴斯特·基顿']",8.6
木更津猫眼 日本篇 木更津キャッツアイ 日本シリーズ,['123分钟'],['2003-11-01'],['金子文紀'],8.6
路易·C·K：老招笑了 Louis C.K.: Hilarious,['82分钟'],['2010'],['路易·C·K'],8.6
两头笨狗 2 Stupid Dogs,['22分钟'],['1993-09-18'],['Donovan Cook'],8.6
看狗在说话 Homeward Bound: The Incredible Journey,['84 分钟'],['1993-02-03(美国)'],['杜维因·邓纳姆'],8.6
谁在那儿歌唱？ Ko to tamo peva,['86 分钟'],['1980-01-01'],['斯洛博丹·希扬'],8.6
疯狂的石头,['106 分钟(香港)'],"['2006-06-30(中国大陆)', '2006-08-10(中国香港)']",['宁浩'],8.5
完美陌生人 Perfetti sconosciuti,['97分钟'],"['2018-05-25(中国大陆)', '2016-02-11(意大利)']",['保罗·杰诺维塞'],8.5
白日梦想家 The Secret Life of Walter Mitty,['114分钟'],['2013-12-25(美国)'],['本·斯蒂勒'],8.5
钢的琴,['119分钟'],"['2011-07-15(中国大陆)', '2017-11-11(中国大陆重映)', '2010-09-11(多伦多电影节)']",['张猛'],8.5
美食总动员 Ratatouille,['111分钟'],"['2007-10-19(中国大陆)', '2007-06-29(美国)']","['布拉德·伯德', '简·皮克瓦']",8.5
玩具总动员 Toy Story,['81分钟'],['1995-11-22(美国)'],['约翰·拉塞特'],8.5
了不起的狐狸爸爸 Fantastic Mr. Fox,['87分钟'],"['2009-10-14(伦敦电影节)', '2009-11-25(美国)']",['韦斯·安德森'],8.5
偷拐抢骗 Snatch,['104分钟'],['2000-09-01'],['盖·里奇'],8.5
麦兜故事 麥兜故事,['Japan: 75 分钟'],['2001-12-15'],['袁建滔'],8.5
红猪 紅の豚,['94分钟'],['1992-07-18(日本)'],['宫崎骏'],8.5
美女与野兽 Beauty and the Beast,['84分钟'],"['1991-09-29(纽约电影节)', '1991-11-22(美国)', '2012-01-13(美国)']","['加里·特洛斯达勒', '柯克·维斯']",8.5
盗钥匙的方法 鍵泥棒のメソッド,['128分钟'],"['2012-06-17(上海国际电影节)', '2012-09-15(日本)']",['内田贤治'],8.5
巴斯特·斯克鲁格斯的歌谣 The Ballad of Buster Scruggs,['133分钟'],"['2018-08-31(威尼斯电影节)', '2018-11-16(美国)']","['伊桑·科恩', '乔尔·科恩']",8.5
麦兜·当当伴我心 麥兜?噹噹伴我心,['80分钟'],"['2012-07-10(中国大陆)', '2017-04-07(中国大陆重映)', '2012-08-16(中国香港)']",['谢立文'],8.5
茜茜公主 Sissi,['102 分钟'],['1955-12-22(西德)'],['恩斯特·马里施卡'],8.5
回到未来2 Back to the Future Part II,['108分钟'],['1989-11-22(美国)'],['罗伯特·泽米吉斯'],8.5
百变狸猫 平成狸合戦ぽんぽこ,['119 分钟'],['1994-07-16(日本)'],['高畑勋'],8.5
回到未来3 Back to the Future Part III,['118分钟'],['1990-05-25(美国)'],['罗伯特·泽米吉斯'],8.5
三毛从军记,['90分钟'],['1992-10(中国大陆)'],['张建亚'],8.5
麦兜·我和我妈妈 麥兜?我和我媽媽,['81分钟'],"['2014-10-01(中国大陆/中国香港)', '2019-04-05(中国大陆重映)']","['谢立文', '李俊民']",8.5
那年夏天，宁静的海 あの夏、いちばん静かな海。,['101分钟'],['1991-10-19(日本)'],['北野武'],8.5
心房客 Asphalte,['100分钟'],['2015-10-07(法国)'],['萨米埃尔·本谢特里'],8.5
亚当斯一家 The Addams Family,['100分钟'],['1991-11-22'],['巴里·索南菲尔德'],8.5
水牛城66 Buffalo &#39;66,['110 分钟'],['1998-06-26'],['文森特·加洛'],8.5
海绵宝宝历险记 The SpongeBob SquarePants Movie,['87分钟'],['2004-11-19(美国)'],"['史蒂芬·海伦伯格', '马克·奥斯本']",8.5
交响情人梦 最终乐章 前篇 のだめカンタービレ 最終楽章 前編,['122分钟'],['2009-12-19(日本)'],['武内英树'],8.5
出水芙蓉 Bathing Beauty,['101分钟'],['1944-06-27(美国)'],['乔治·西德尼'],8.5
小姐与流浪汉 Lady and the Tramp,['76分钟'],"['1955-06-16(芝加哥首映)', '1955-06-22(美国)']","['克莱德·杰洛尼米', '汉密尔顿·卢斯科', '威尔弗雷德·杰克逊']",8.5
马路天使 馬路天使,['91分钟'],['1937(中国大陆)'],['袁牧之'],8.5
午夜狂奔 Midnight Run,['126 分钟'],['1988-07-20(美国)'],['马丁·布莱斯特'],8.5
邦尼和琼 Benny &amp; Joon,['98 分钟'],['1993-04-16'],['耶利米·S·谢奇克'],8.5
黑炮事件,['95分钟'],['1985(中国大陆)'],['黄建新'],8.5
笑之大学 笑の大学,['121分钟'],"['2004-10-25(东京国际电影节)', '2004-10-30(日本)']",['星护'],8.5
丘奇先生 Mr. Church,['104分钟'],"['2016-04-22(翠贝卡电影节)', '2016-06-11(上海电影节)']",['布鲁斯·贝尔斯福德'],8.5
二手狮王 Secondhand Lions,['111 分钟'],['2003-09-19'],['蒂姆·麦肯莱斯'],8.5
音乐会 Le concert,['122分钟'],['2009-11-04(法国)'],['拉杜·米哈伊列亚努'],8.5
莫斯科不相信眼泪 Москва слезам не верит,['148分钟'],['1980-02-11(苏联)'],['弗拉基米尔·缅绍夫'],8.5
狗脸的岁月 Mitt liv som hund,['101 分钟'],['1985-12-12'],['拉斯·霍尔斯道姆'],8.5
转转 転々,['101分钟'],['2007-11-10(日本)'],['三木聪'],8.5
"黑猫白猫 Црна мачка, бели мачор",['127分钟'],['1998-09-10'],['埃米尔·库斯图里卡'],8.5
芭萨提的颜色 Rang De Basanti,['167分钟'],['2006-01-26'],['拉凯什·奥姆普拉卡西·梅赫拉'],8.5
敲开天堂的门 Knockin&#39; on Heaven&#39;s Door,['87 分钟'],['1997-02-20(德国)'],['托马斯·雅恩'],8.5
喜剧之王 The King of Comedy,['109 分钟'],"['1982-12-18(冰岛)', '1983-02-18(美国部分上映)']",['马丁·斯科塞斯'],8.5
意大利人在俄罗斯的奇遇 Невероятные приключения итальянцев в России,['104分钟'],['1974-01-31'],"['埃利达尔·梁赞诺夫', '佛朗哥·普罗斯佩里']",8.5
孝子贤孙伺候着,['90分钟'],['1993'],"['陈佩斯', '曾剑锋']",8.5
我的舅舅 Mon Oncle,['117 分钟'],['1958-05-10'],['雅克·塔蒂'],8.5
双姝奇缘 4 aventures de Reinette et Mirabelle,['95 分钟'],['1987-02-04'],['埃里克·侯麦'],8.5
战地军魂 Stalag 17,['120 分钟'],['1953-05-29'],['比利·怀德'],8.5
一夜狂欢 A Hard Day&#39;s Night,['87 分钟'],['1964-07-06'],['理查德·莱斯特'],8.5
极乐同盟 Spiklenci slasti,['82分钟'],['1996-08'],['杨·史云梅耶'],8.5
满城风雨 The Front Page,['105 分钟'],['1974-12-17'],['比利·怀德'],8.5
你逃我也逃 To Be or Not to Be,['107 分钟'],['1983-12-16'],['Alan Johnson'],8.5
史楚锡流浪记 Stroszek,['115 分钟'],['1977-01-12'],['沃纳·赫尔佐格'],8.5
高山上的世界杯 Ph?rpa,['93 分钟'],['2000-04-21'],['宗萨钦哲仁波切'],8.5
抓壮丁,['96分钟'],['1963-12(中国大陆)'],"['陈戈', '沈剡']",8.5
冰上轻驰 Cool Runnings,['98 分钟'],['1993-10-01'],['乔·德特杜巴'],8.5
摄影师 The Cameraman,['76分钟'],['1928-09-22(美国)'],"['爱德华·塞奇威克', '巴斯特·基顿']",8.5
"一路顺风，查理布朗 Bon Voyage, Charlie Brown (and Don&#39;t Come Back!)",['75 分钟'],['1980-05-30'],['比尔·莫伦茨'],8.5
杰斯尼克：我思我祷 Anthony Jeselnik: Thoughts and Prayers,['59分钟'],['2015-10-16'],[],8.5
幸存的生命（理论与实践） Prezít svuj zivot (teorie a praxe),['105 分钟'],"['2010-09-10(威尼斯电影节)', '2010-11-04(捷克)']",['杨·史云梅耶'],8.5
哪吒之魔童降世,['110分钟'],"['2019-07-26(中国大陆)', '2019-07-13(大规模点映)']",['饺子'],8.4
初恋这件小事 ???????????????????????...???,['118分钟(泰国)'],"['2012-06-05(中国大陆)', '2010-08-12(泰国)']","['普特鹏·普罗萨卡·那·萨克那卡林', '华森·波克彭']",8.4
冰雪奇缘 Frozen,['102分钟'],"['2014-02-05(中国大陆)', '2013-11-27(美国)']","['克里斯·巴克', '珍妮弗·李']",8.4
王牌特工：特工学院 Kingsman: The Secret Service,['125分钟(中国大陆)'],"['2015-03-27(中国大陆)', '2014-12-13(BNAT电影节)', '2015-01-29(英国)']",['马修·沃恩'],8.4
小萝莉的猴神大叔 Bajrangi Bhaijaan,['159分钟'],"['2018-03-02(中国大陆)', '2015-07-17(印度)']",['卡比尔·汗'],8.4
国产凌凌漆 國產凌凌漆,['83分钟'],['1994-10-13(中国香港)'],"['李力持', '周星驰']",8.4
海底总动员 Finding Nemo,['100分钟'],"['2003-07-30(中国大陆)', '2003-05-30(美国)']","['安德鲁·斯坦顿', '李·昂克里奇']",8.4
我的个神啊 PK,['139分钟(中国大陆)'],"['2015-05-22(中国大陆)', '2014-12-19(印度)']",['拉吉库马尔·希拉尼'],8.4
乔乔的异想世界 Jojo Rabbit,['108分钟'],"['2020-07-31(中国大陆)', '2019-09-08(多伦多电影节)', '2019-11-08(美国)']",['塔伊加·维迪提'],8.4
甲方乙方,['87分钟'],['1997-12-24(中国大陆)'],['冯小刚'],8.4
家有喜事 家有囍事,['100分钟'],['1992-01-25(中国香港)'],['高志森'],8.4
赌神 賭神,['126 分钟'],['1989-12-14(中国香港)'],['王晶'],8.4
玩具总动员2 Toy Story 2,['92分钟'],['1999-11-24(美国)'],"['约翰·拉塞特', '艾什·布兰农', '李·昂克里奇']",8.4
天生一对 The Parent Trap,['127分钟'],['1998-07-29(美国)'],['南希·迈耶斯'],8.4
小羊肖恩 Shaun the Sheep Movie,['85分钟'],"['2015-07-17(中国大陆)', '2015-02-06(英国)']","['马克·伯顿', '理查德·斯塔扎克']",8.4
艺术家 The Artist,['100分钟'],"['2012-12-28(中国大陆)', '2011-10-12(法国)']",['米歇尔·阿扎纳维西于斯'],8.4
蓝白红三部曲之白 Trois couleurs: Blanc,['91分钟'],"['1994-01-26(法国)', '1994-02-25(波兰)']",['克日什托夫·基耶斯洛夫斯基'],8.4
杰出公民 El ciudadano ilustre,['118分钟'],"['2016-09-04(威尼斯电影节)', '2016-09-08(阿根廷)']","['加斯顿·杜帕拉特', '马里亚诺·寇恩']",8.4
普罗旺斯的夏天 Avis de mistral,['105分钟'],['2014-04-02(法国)'],['罗丝·博斯'],8.4
金枝玉叶 金枝玉葉,['107分钟'],['1994-07-23(中国香港)'],['陈可辛'],8.4
辛普森一家 The Simpsons Movie,['87分钟'],['2007-07-27(美国)'],['大卫·西尔弗曼'],8.4
顽主,['100分钟'],"['1988(中国大陆)', '1989-09-15(多伦多电影节)']",['米家山'],8.4
大坏狐狸的故事 Le Grand Méchant Renard et autres contes...,['83分钟'],"['2018-03-16(中国大陆)', '2017-06-15(安锡动画电影节)', '2017-06-21(法国)']","['本杰明·雷内', '帕特里克·英伯特']",8.4
贝利叶一家 La famille Bélier,['105分钟'],['2014-12-17(法国)'],['艾里克·拉缇戈'],8.4
偶滴神啊 OMG: Oh My God!,['125分钟'],['2012-09-28(印度)'],['Umesh Shukla'],8.4
洗澡,['92分钟'],['1999-09-14(多伦多电影节)'],['张杨'],8.4
完美陌生人(西班牙版) Perfectos desconocidos,['97分钟'],['2017-12-01(西班牙)'],['艾利克斯·德·拉·伊格莱希亚'],8.4
星际宝贝 Lilo &amp; Stitch,['85分钟'],"['2002-06-16(首映)', '2002-06-21(美国)']","['克里斯·桑德斯', '迪恩·德布洛斯']",8.4
101忠狗 One Hundred and One Dalmatians,['79分钟'],['1961-01-25(美国)'],"['克莱德·杰洛尼米', '汉密尔顿·卢斯科', '沃夫冈·雷瑟曼']",8.4
五个扑水的少年 ウォーターボーイズ,['91分钟'],['2001-09-15(日本)'],['矢口史靖'],8.4
契克 Tschick,['93分钟'],['2016-09-15(德国)'],['法提赫·阿金'],8.4
弗兰西丝·哈 Frances Ha,['86分钟'],"['2012-09-01(特柳赖德电影节)', '2013-05-17(美国)']",['诺亚·鲍姆巴赫'],8.4
猛龙过江 猛龍過江,['100 分钟'],['1972-12-30'],['李小龙'],8.4
摇摆少女 スウィングガールズ,['105分钟'],['2004-09-11(日本)'],['矢口史靖'],8.4
曼哈顿 Manhattan,['96 分钟'],['1979-04-25'],['伍迪·艾伦'],8.4
春天的故事 Conte de printemps,['108 分钟'],['1990-04-04'],['埃里克·侯麦'],8.4
朝圣之路 The Way,['123分钟'],['2010-11-19(西班牙)'],['艾米利奥·艾斯特维兹'],8.4
家族之苦2 家族はつらいよ2,['113分钟'],"['2017-02-10(日本赞岐电影节)', '2017-05-27(日本)']",['山田洋次'],8.4
少爷 坊っちゃん,['120分钟'],['2016-01-03(日本)'],['铃木雅之'],8.4
喊山,['89分钟'],['2013-05-09(中国大陆)'],['李彦廷'],8.4
子弹横飞百老汇 Bullets Over Broadway,['98 分钟'],"['1994-09-06(威尼斯电影节)', '1995-02-24(美国)']",['伍迪·艾伦'],8.4
行走距离 Distancias cortas,['104分钟'],"['2015-10-27(芝加哥电影节)', '2016-04(北京电影节)']",['亚历山卓·古兹曼·阿尔瓦雷斯'],8.4
红犬历险记 Red Dog,['92分钟'],['2011-08-04(澳大利亚)'],['科里夫·斯丹德斯'],8.4
列宁格勒牛仔征美记 Leningrad Cowboys Go America,['78 分钟'],['1989-03-24(芬兰)'],['阿基·考里斯马基'],8.4
小公主 The Little Princess,['93 分钟(TCM print)'],['1939-03-10(美国)'],"['沃尔特·朗', '威廉·A·塞特尔']",8.4
心灵点滴 Patch Adams,['115分钟'],['1998-12-25(美国)'],['汤姆·沙迪亚克'],8.4
太太万岁 太太萬歲,['107分钟'],['1947-12-01'],['桑弧'],8.4
樱桃小丸子 真人版1 ちびまる子ちゃん,['90分钟'],['2006-04-18(日本)'],['西浦正记'],8.4
游戏规则 La règle du jeu,['110分钟'],['1939-07-08'],['让·雷诺阿'],8.4
蒲公英 タンポポ,['114分钟'],['1985-11-23(日本)'],['伊丹十三'],8.4
日以作夜 La nuit américaine,['115 分钟'],['1973-05-24'],['弗朗索瓦·特吕弗'],8.4
爱与死 Love and Death,['85 分钟'],['1975-06-10'],['伍迪·艾伦'],8.4
浪荡儿 I vitelloni,['109分钟'],"['1953-08-26(威尼斯电影节)', '1953-09-17(意大利)']",['费德里科·费里尼'],8.4
雏菊 Sedmikrásky,['74 分钟'],['1966-12-30'],['维拉·希蒂洛娃'],8.4
罗马风情画 Roma,['120分钟'],['1972-03-16(意大利)'],['费德里科·费里尼'],8.4
给我一个爸 Kolja,['105 分钟'],"['1996-05-15(捷克)', '1996-08-30(威尼斯电影节)']",['扬·斯维拉克'],8.4
仁心与冠冕 Kind Hearts and Coronets,['106 分钟'],['1949-06-23(英国)'],['罗伯特·哈默'],8.4
盗信情缘 ポストマン?ブルース,['110 分钟'],['1997-08-16'],['萨布'],8.4
猫儿历险记 The Aristocats,['78分钟'],['1970-12-24(美国)'],['沃夫冈·雷瑟曼'],8.4
新局长到来之前,['46分钟'],['1956-05(中国大陆)'],['吕班'],8.4
跳跳虎历险记 The Tigger Movie,['77 分钟'],['2000-02-11(美国)'],['君·法尔克斯汀'],8.4
谁来为我摘月亮 Luna Papa,['107 分钟'],"['1999-09-08(威尼斯电影节)', '2000-06-27(德国)']",['巴克迪亚·库唐纳扎洛夫'],8.4
意大利式离婚 Divorzio all&#39;italiana,['105 分钟'],['1961-12-20'],['皮亚托·杰米'],8.4
泯灭天使 El ángel exterminador,['95 分钟'],['1962-12-16'],['路易斯·布努埃尔'],8.4
星际宝贝：终极任务 Leroy &amp; Stitch,['73分钟'],['2006-06-23(美国)'],"['托尼·克莱格', '罗伯茨·甘纳韦']",8.4
君臣人子小命呜呼 Rosencrantz and Guildenstern Are Dead,['117 分钟'],['1990-09-12'],['汤姆·斯托帕德'],8.4
影迷 Amator,['117分钟'],"['1979-08(莫斯科电影节)', '1979-11-16(波兰)']",['克日什托夫·基耶斯洛夫斯基'],8.4
与安德烈晚餐 My Dinner with Andre,['110 分钟'],"['1981-10-08(纽约电影节)', '1981-10-11(美国)']",['路易·马勒'],8.4
与墨索里尼喝茶 Tea with Mussolini,['117 分钟'],['1999-03-26'],['佛朗哥·泽菲雷里'],8.4
飞出个未来大电影2：万背之兽 Futurama: The Beast with a Billion Backs,['Argentina: 90 分钟'],['2008-06-24'],['Peter Avanzino'],8.4
假期 ????,['101分钟'],['2006-07-28(韩国)'],"['安成昆', '李民正']",8.4
安东尼娅家族 Antonia,['102 分钟'],"['1995-09-12(多伦多电影节)', '1995-09-20(荷兰)']",['玛琳·格里斯'],8.4
猫和老鼠：火星之旅 Tom and Jerry Blast Off to Mars!,['71分钟'],['2005-05-10'],['Bill Kopp'],8.4
一路上有你 Simon Birch,['114 分钟'],['1998-09-11(美国)'],['马克·斯蒂文·约翰逊'],8.4
善意的谎言 Jakob the Liar,['120 分钟'],['1999-09-24'],['彼德·卡索维茨'],8.4
小叛逆 The Littlest Rebel,['70 分钟'],['1935-11-22'],['大卫·巴特勒'],8.4
三笑,['108分钟'],['1964-03-21(中国香港)'],['李萍倩'],8.4
工作 Il Posto,['93分钟'],"['1961-09-01(威尼斯电影节)', '1962-10-15(瑞典)']",['埃曼诺·奥尔米'],8.4
寅次郎的故事1 男はつらいよ,['91分钟'],['1969-08-27(日本)'],['山田洋次'],8.4
失翼灵雀 Skrivánci na niti,['94分钟'],['1969-02(捷克斯洛伐克)'],['伊日·门泽尔'],8.4
七宗罪 Les sept péchés capitaux,['113 分钟'],['1962-03-07'],"['菲利普·德·布罗卡', '克洛德·夏布洛尔', '雅克·德米', '西尔万·多姆', '让-吕克·戈达尔', '埃德沃德·莫利纳罗', '罗杰·瓦迪姆', '马克斯·杜伊']",8.4
开麦拉狂想曲 Living in Oblivion,['90分钟'],['1995-07-21(美国)'],['汤姆·迪西罗'],8.4
大千世界,['121分钟'],['1975-07-17(中国香港)'],['丁善玺'],8.4
欢愉 Le plaisir,['97 分钟'],['1952-02-29'],['马克斯·奥菲尔斯'],8.4
如此美好的一天 It&#39;s Such a Beautiful Day,['62分钟'],"['2012-08-24(美国)', '2013-05-03(英国)']",['唐·赫兹菲尔德'],8.4
初恋 ???,['40分钟'],['2005-10-09'],['SBS'],8.4
亚当·桑德勒：100%新鲜 Adam Sandler: 100% Fresh,['74分钟'],['2018-10-23(美国)'],"['史蒂文·布里尔', 'Nicholaus Goossen']",8.4
去往蒙巴萨的单程票 Menolippu Mombasaan,['88 分钟'],['2003-11-16'],['Hannu Tuomainen'],8.4
味浓情更浓 Tafelspitz,['99 分钟'],['1994-04-28'],['Xaver Schwarzenberger'],8.4
青青校树 Obecná ?kola,['100 分钟'],['1991-08-01(捷克斯洛伐克)'],['扬·斯维拉克'],8.4
三个老兵 Tri veteráni,['96分钟'],['1984-07-01'],['奥德里奇·利普斯基'],8.4
路易·C·K：喜剧小铺现演 Louis C.K.: Live at the Comedy Store,['66分钟'],['2015-01-27(美国)'],['路易·C·K'],8.4
调音师 Andhadhun,['139分钟'],"['2019-04-03(中国大陆)', '2018-10-05(印度)']",['斯里兰姆·拉格万'],8.3
驴得水,['111分钟'],['2016-10-28(中国大陆)'],"['周申', '刘露']",8.3
小鬼当家 Home Alone,['103分钟'],['1990-11-16'],['克里斯·哥伦布'],8.3
里约大冒险 Rio,['96分钟'],"['2011-04-08(中国大陆)', '2011-04-15(美国)']",['卡洛斯·沙尔丹哈'],8.3
阳光小美女 Little Miss Sunshine,['101 分钟'],['2006-08-18(美国)'],"['乔纳森·戴顿', '维莱莉·法瑞斯']",8.3
魔发奇缘 Tangled,['100分钟'],"['2011-02-03(中国台湾)', '2010-11-24(美国)']","['内森·格雷诺', '拜伦·霍华德']",8.3
冰川时代3 Ice Age: Dawn of the Dinosaurs,['94 分钟'],"['2009-07-08(中国大陆)', '2009-07-01(美国)']","['卡洛斯·沙尔丹哈', '麦克·特米尔']",8.3
犬之岛 Isle of Dogs,['97分钟(中国大陆)'],"['2018-04-20(中国大陆)', '2018-02-15(柏林电影节)', '2018-03-23(美国)']",['韦斯·安德森'],8.3
"爱你，西蒙 Love, Simon",['110分钟'],['2018-03-16(美国)'],['格里格·伯兰蒂'],8.3
奇怪的她 ??? ??,['124分钟'],['2014-01-22(韩国)'],['黄东赫'],8.3
有话好好说,['90分钟'],"['1997-05-16(中国大陆)', '1997-09-02(威尼斯电影节)']",['张艺谋'],8.3
绅士们 The Gentlemen,['113分钟'],"['2019-12-03(伦敦首映)', '2020-01-24(美国)']",['盖·里奇'],8.3
堕落天使 墮落天使,['99分钟'],['1995-09-06(中国香港)'],['王家卫'],8.3
"巴黎，我爱你 Paris, je t&#39;aime",['120 分钟'],"['2006-05-18(戛纳电影节)', '2006-06-21(法国)']","['奥利维耶·阿萨亚斯', '伊桑·科恩', '乔尔·科恩', '格斯·范·桑特', '汤姆·提克威', '沃尔特·塞勒斯', '亚历山大·佩恩', '杜可风', '热拉尔·德帕迪约', '阿方索·卡隆', '诹访敦彦', '希尔万·肖默', '韦斯·克雷文', '伊莎贝尔·科赛特', '顾伦德·查达哈', '文森佐·纳塔利']",8.3
当哈利遇到莎莉 When Harry Met Sally...,['96 分钟'],['1989-07-21'],['罗伯·莱纳'],8.3
濑户内海 セトウツミ,['75分钟'],"['2016-06-12(上海电影节)', '2016-07-02(日本)']",['大森立嗣'],8.3
南极料理人 南極料理人,['125分钟'],['2009-08-08(日本)'],['冲田修一'],8.3
我的一级兄弟 ?? ??? ??,['114分钟'],['2019-05-01(韩国)'],['陆相孝'],8.3
僵尸先生 殭屍先生,['96 分钟'],['1985-11-07'],['刘观伟'],8.3
率性而活 ??? ??,['102分钟'],['2007-10-18(韩国)'],['罗喜灿'],8.3
海鸥食堂 かもめ食堂,['102 分钟(日本)'],['2006-03-11(日本)'],['荻上直子'],8.3
小男孩 Little Boy,['106分钟'],['2015-04-24(美国)'],['亚历杭德罗·戈麦斯·蒙特维尔德'],8.3
阳光姐妹淘 SUNNY 強い気持ち?強い愛,['119分钟'],['2018-08-31(日本)'],['大根仁'],8.3
成为约翰·马尔科维奇 Being John Malkovich,['112分钟'],['1999-10-29'],['斯派克·琼斯'],8.3
我在雨中等你 The Art of Racing in the Rain,['109分钟'],['2019-08-09(美国)'],['西蒙·柯蒂斯'],8.3
一个字头的诞生 一個字頭的誕生,['90 分钟'],['1997-03-14(中国香港)'],['韦家辉'],8.3
地球之夜 Night on Earth,['129分钟'],['1991-12-12'],['吉姆·贾木许'],8.3
阿德尔曼夫妇 Monsieur &amp; Madame Adelman,['120分钟'],['2017-03-08(法国)'],['尼古拉斯·贝多斯'],8.3
轻松自由 Libre et assoupi,['93分钟'],['2014-05-07(法国)'],['本杰明·格德杰'],8.3
魔幻时刻 ザ?マジックアワー,['136分钟'],['2008-06-07'],['三谷幸喜'],8.3
爱的曝光 愛のむきだし,['237 分钟'],"['2008-11-29(东京FILMeX电影节)', '2009-01-31(日本)']",['园子温'],8.3
骄傲 Pride,['120分钟'],"['2014-05-23(戛纳电影节)', '2014-09-12(英国)']",['马修·沃楚斯'],8.3
女友的男友 L&#39;ami de mon amie,['103分钟'],['1987-08-26(法国)'],['埃里克·侯麦'],8.3
阿基里斯与龟 アキレスと亀,['119分钟'],['2008-09-20(日本)'],['北野武'],8.3
三毛流浪记,['73分钟'],['1949-12(中国大陆)'],"['赵明', '严恭']",8.3
运转手之恋 運転手之恋,['94分钟'],['2000-11-11(中国台湾)'],"['张华坤', '陈以文']",8.3
我曾侍候过英国国王 Obsluhoval jsem anglického krále,['120分钟'],['2006-12-18(捷克)'],['伊日·门泽尔'],8.3
冥王星早餐 Breakfast on Pluto,['128 分钟'],['2005-09-03'],['尼尔·乔丹'],8.3
马达加斯加企鹅：行动 The Penguins of Madagascar: Operation,['117分钟'],['2010-02-09'],"['Nicholas Filippi', 'Bret Haaland']",8.3
芭比之真假公主 Barbie as the Princess and the Pauper,['148分钟'],['2004-09-28'],['William Lau'],8.3
美好事物 Beautiful Thing,['90 分钟'],['1996-06-21'],['希提·麦克唐纳'],8.3
巴菲的奇妙命运 Barfi!,['151分钟'],['2012-09-14(印度)'],['阿努拉格·巴苏'],8.3
八两金 八両金,['100分钟(美国)'],['1989-12-21'],['张婉婷'],8.3
金玉盟 An Affair to Remember,['115分钟'],['1957-07-11'],['莱奥·麦卡雷'],8.3
小孩不笨2,['124 分钟'],['2006-01-26(新加坡)'],['梁智强'],8.3
美食家 L&#39;aile ou la cuisse,['104分钟'],['1976-10-27'],['克洛德·齐迪'],8.3
世界奇妙物语 电影特别篇 世にも奇妙な物語 映画の特別編,['126 分钟'],['2000-11-03(日本)'],"['小椋久雄', '星护', '铃木雅之', '落合正幸']",8.3
浮云世事 Kauas pilvet karkaavat,['96 分钟'],['1996-01-26(芬兰)'],['阿基·考里斯马基'],8.3
第八日 Le huitième jour,['118 分钟'],['1996-05-22'],['雅克·范·多梅尔'],8.3
人生七部曲 The Meaning of Life,['107分钟'],['1983-07-07(英国)'],"['特瑞·琼斯', '特瑞·吉列姆']",8.3
朦胧的欲望 Cet obscur objet du désir,['103分钟'],['1977-08-17'],['路易斯·布努埃尔'],8.3
我们的故事,['107分钟'],['2016-02-04(新加坡)'],['梁智强'],8.3
"沙漠妖姬 The Adventures of Priscilla, Queen of the Desert",['104 分钟'],['1994-08-10(美国)'],['斯蒂芬·埃利奥特'],8.3
二楼传来的歌声 S?nger fr?n andra v?ningen,['98 分钟'],['2000-10-06'],['罗伊·安德森'],8.3
一年到头,['100分钟'],['2008-01-18(中国大陆)'],['王竞'],8.3
宝贝小情人 My Girl,['102分钟'],['1991-11-27(美国)'],['霍华德·齐耶夫'],8.3
你还活着 Du levande,['95分钟'],['2007-09-21'],['罗伊·安德森'],8.3
欢乐谷 Pleasantville,['124 分钟'],['1998-10-23'],['盖瑞·罗斯'],8.3
瓦嘉达 ????,['97分钟'],"['2012-08-31(威尼斯电影节)', '2013-09-05(德国)']",['海法·曼苏尔'],8.3
小上校 The Little Colonel,['80 分钟'],['1935-02-22'],['大卫·巴特勒'],8.3
秘密花园 ひみつの花園,['85分钟'],['1997-02-15(日本)'],['矢口史靖'],8.3
无线电时代 Radio Days,['88 分钟'],['1987-01-30'],['伍迪·艾伦'],8.3
我们的故事2,['122分钟'],['2016-03-31(新加坡)'],['梁智强'],8.3
飞行器里的好小伙，或我是怎样花25小时11分从伦敦飞到巴黎 Those Magnificent Men in Their Flying Machines or How I Flew from London to Paris in 25 hours 11 minutes,['138分钟'],['1965-06-03(英国)'],['肯·安纳金'],8.3
成为朱莉娅 Being Julia,['104分钟'],['2004-10-28'],['伊斯特凡·萨博'],8.3
波希米亚生活 La vie de bohème,['Germany: 100 分钟'],['1992-02-27'],['阿基·考里斯马基'],8.3
水仙女 Русалка,['115 分钟'],['2007-11-22'],['Anna Melikyan'],8.3
福禄双霸天 The Blues Brothers,['133分钟'],['1980-06-20'],['约翰·兰迪斯'],8.3
伦巴 Rumba,['France: 77 分钟'],['2008-09-10'],"['Dominique Abel', 'Fiona Gordon', 'Bruno Romy']",8.3
飞出个未来大电影4：绿色狂想 Futurama: Into the Wild Green Yonder,['89 分钟(DVD version)'],['2009-02-24'],['皮特·阿凡季诺'],8.3
无名英雄 Hero,['117 分钟'],['1992-10-02'],['斯蒂芬·弗雷斯'],8.3
老夫子,['80分钟'],['1981-07-16(中国香港)'],"['谢金涂', '蔡志忠', '胡树儒']",8.3
亮眼睛 Bright Eyes,['85 分钟(FMC Library Print)'],"['1935-02(中国大陆)', '1934-12-28(美国)']",['大卫·巴特勒'],8.3
布拉格狂想曲 Skrítek,['90分钟(捷克)'],['2005-03-17'],['托马斯·沃瑞'],8.3
战场上的布谷鸟 Кукушка,['99分钟'],['2002-09-12(俄罗斯)'],['亚历山大·罗戈日金'],8.3
"鸟，孤儿和愚人 Vtackovia, siroty a blazni",['78 分钟'],['1969'],['朱拉·亚库比斯克'],8.3
我的家人和其他动物 My Family and Other Animals,['90分钟'],['2005-12-27'],['谢雷·福克森'],8.3
吝啬鬼 L&#39;Avare,['125 分钟'],['1980-03-05(法国)'],"['路易·德·菲奈斯', '让·吉罗']",8.3
航海家 The Navigator,['59 分钟'],['1924-10-13(美国)'],"['唐纳德·克里斯普', '巴斯特·基顿']",8.3
绅士的启示联盟 The League of Gentlemen&#39;s Apocalypse,['91 分钟'],['2005-06-03'],['史蒂夫·班德莱克'],8.3
卖花女 Pygmalion,['96 分钟'],['1938-03-16'],"['安东尼·阿斯奎斯', '莱斯利·霍华德']",8.3
随我婆娑 Shall We Dance,['109 分钟'],['1937-05-07'],['马克·桑德里奇'],8.3
绞死刑 絞死刑,['117分钟'],['1968-02-03(日本)'],['大岛渚'],8.3
忍者小英雄 3 Ninjas,['84 分钟'],['1992-08-07'],['乔·德特杜巴'],8.3
圣·拉尔夫 Saint Ralph,['98 分钟'],['2005-04-08'],['麦克·迈克高文'],8.3
雌雄莫辨 Victor/Victoria,['133分钟'],['1982-03-19'],['布莱克·爱德华兹'],8.3
人间有情,['98 分钟'],['1995-10-05(中国香港)'],['高志森'],8.3
圣母街上的大人物 I soliti ignoti,['106分钟'],['1958-10-02(意大利)'],['马里奥·莫尼切利'],8.3
零用钱 L&#39;argent de poche,['France: 104 分钟'],['1976-03-17'],['弗朗索瓦·特吕弗'],8.3
随烟而飞 Up in Smoke,['86 分钟'],['1978-09-15'],"['汤米·钟', '洛乌·阿德勒']",8.3
黄金时代的故事 Amintiri din epoca de aur,['155 分钟'],['2009-12-30'],"['克里斯蒂安·蒙吉', 'Razvan Marculescu', 'Constantin Popescu', 'Ioana Uricaru', '哈诺·赫费尔']",8.3
心荡神驰 Untamed Heart,['102分钟'],['1993-02-12'],['托尼·比尔'],8.3
利刃出鞘 Knives Out,['130分钟'],"['2019-11-29(中国大陆)', '2019-09-07(多伦多电影节)', '2019-11-27(美国)']",['莱恩·约翰逊'],8.2
我的野蛮女友 ???? ??,['123分钟(韩国)'],['2001-07-27(韩国)'],['郭在容'],8.2
查理和巧克力工厂 Charlie and the Chocolate Factory,['115 分钟'],['2005-07-15(美国)'],['蒂姆·波顿'],8.2
怪兽大学 Monsters University,['104分钟'],"['2013-08-23(中国大陆)', '2013-06-21(美国)']",['丹·斯坎隆'],8.2
疯狂的赛车,['104分钟'],['2009-01-20(中国大陆)'],['宁浩'],8.2
黑衣人 Men in Black,['98分钟'],['1997-07-02(美国)'],['巴里·索南菲尔德'],8.2
鹿鼎记 鹿鼎記,['110分钟'],['1992-07-30(中国香港)'],['王晶'],8.2
独自等待,['107 分钟'],"['2005-09-08(中国大陆)', '2004-10-26(东京电影节)']",['伍仕贤'],8.2
马达加斯加3 Madagascar 3: Europe&#39;s Most Wanted,['93分钟'],"['2012-06-08(美国/中国大陆)', '2012-06-06(法国)']","['康拉德·弗农', '埃里克·达尼尔', '汤姆·麦格拉思']",8.2
摄影机不要停！ カメラを止めるな！,['96分钟'],"['2017-11-04(东京首映)', '2018-06-23(日本)']",['上田慎一郎'],8.2
热血警探 Hot Fuzz,['121分钟'],['2007-02-14(英国)'],['埃德加·赖特'],8.2
真实的谎言 True Lies,['141分钟'],"['1995-04-20(中国大陆)', '1994-07-15(美国)', '1994-08-12(英国)']",['詹姆斯·卡梅隆'],8.2
买凶拍人 買兇拍人,['99分钟'],['2001-08-16(中国香港)'],['彭浩翔'],8.2
火柴人 Matchstick Men,['116 分钟'],['2003-09-12(美国)'],['雷德利·斯科特'],8.2
年轻气盛 Youth,['124分钟'],['2015-05-20(戛纳电影节/意大利)'],['保罗·索伦蒂诺'],8.2
我和厄尔以及将死的女孩 Me and Earl and the Dying Girl,['105分钟'],"['2015-01-25(圣丹斯电影节)', '2015-06-12(美国)']",['阿方索·戈麦斯-雷洪'],8.2
阿拉丁 Aladdin,['90 分钟'],['1992-11-25(美国)'],"['罗恩·克莱蒙兹', '约翰·马斯克']",8.2
杀戮 Carnage,['80分钟'],['2011-09-01(威尼斯电影节)'],['罗曼·波兰斯基'],8.2
欢迎来到东莫村 ?? ? ???,['133 分钟'],['2005-08-04(韩国)'],['朴光铉'],8.2
微不足道 Big Nothing,['86 分钟'],['2006-12-01(英国)'],['让-巴普蒂斯特·安德烈'],8.2
小鬼当街 Baby&#39;s Day Out,['99 分钟'],['1994-07-01(美国)'],['帕特里克·里德·约翰逊'],8.2
爱在记忆消逝前 The Leisure Seeker,['112分钟'],"['2018-02-23(中国大陆)', '2017-09-03(威尼斯电影节)', '2018-01-25(意大利)']",['保罗·维尔齐'],8.2
香港制造,['108 分钟'],['1997-10-09'],['陈果'],8.2
百万英镑 The Million Pound Note,['90 分钟'],['1954-01-07'],['罗纳德·尼姆'],8.2
超级无敌掌门狗：人兔的诅咒 Wallace &amp; Gromit: The Curse of the Were-Rabbit,['85分钟'],['2005-10-14(英国)'],"['斯蒂夫·博克斯', '尼克·帕克']",8.2
为黛西小姐开车 Driving Miss Daisy,['99分钟'],['1989-12-13'],['布鲁斯·贝尔斯福德'],8.2
尽善尽美 As Good as It Gets,['139分钟'],['1997-12-25'],['詹姆斯·L·布鲁克斯'],8.2
艾德·伍德 Ed Wood,['127分钟'],['1994-09-23(美国)'],['蒂姆·波顿'],8.2
资产阶级的审慎魅力 Le Charme discret de la bourgeoisie,['102 分钟'],['1972-09-15'],['路易斯·布努埃尔'],8.2
半斤八两 半斤八兩,['94分钟'],['1976-12-16(中国香港)'],['许冠文'],8.2
早餐俱乐部 The Breakfast Club,['97 分钟'],['1985-02-07'],['约翰·休斯'],8.2
历史系男生 The History Boys,['109 分钟'],['2006-10-13'],['尼古拉斯·希特纳'],8.2
印式英语 English Vinglish,['133分钟'],['2012-10-05(印度)'],['高里·辛蒂'],8.2
小倩,['84分钟'],['1997-07-26(中国香港)'],['陈伟文'],8.2
谈谈情跳跳舞 Shall we ダンス?,['136分钟'],['1996-01-27(日本)'],['周防正行'],8.2
小小的白色谎言 Les petits mouchoirs,['154分钟'],['2010-10-20(法国)'],['吉约姆·卡内'],8.2
投靠女与出走男 駆込み女と駆出し男,['143分钟（日本）'],['2015-05-16(日本)'],['原田真人'],8.2
怪宴 Murder by Death,['94 分钟'],['1976-06-23'],['罗伯特·穆尔'],8.2
最后的假期 Last Holiday,['112 分钟'],['2006-01-13'],['王颖'],8.2
摩登保镖 摩登保鑣,['90 分钟'],['1981-01-30'],['许冠文'],8.2
小曼哈顿 Little Manhattan,['84分钟'],['2005-09-30'],['马克·莱温'],8.2
神秘列车 Mystery Train,['110 分钟'],['1989-09-06'],['吉姆·贾木许'],8.2
幸福的黄手帕 幸福の黄色いハンカチ,['109分钟'],['1977-10-01(日本)'],['山田洋次'],8.2
穿越美国 Transamerica,['103分钟'],['2005-12-23'],['邓肯·塔克'],8.2
不法之徒 Down by Law,['107分钟'],['1986-10-30(美国)'],['吉姆·贾木许'],8.2
我们与驻在先生的700日战争 ぼくたちと駐在さんの700日戦争,['110分钟'],['2008-04-05'],['塚本连平'],8.2
星际旅行4：抢救未来 Star Trek IV: The Voyage Home,['119 分钟'],['1986-11-26'],['伦纳德·尼莫伊'],8.2
小叮当：羽翼之谜 Secret of the Wings,['75分钟'],['2012-10-23(美国)'],"['罗伯茨·甘纳韦', '佩吉·霍姆斯']",8.2
沙滩上的宝莲 Pauline à la plage,['94 分钟'],['1983-03-23'],['埃里克·侯麦'],8.2
欢乐满人间 Mary Poppins,['139分钟'],['1964-08-27(美国)'],['罗伯特·斯蒂文森'],8.2
遇人不熟 運命じゃない人,['98分钟'],['2005-07-16'],['内田贤治'],8.2
情定日落桥 A Little Romance,['108 分钟'],['1979-04-27'],['乔治·罗伊·希尔'],8.2
简单西蒙 I rymden finns inga k?nslor,['85分钟'],['2010-09-03(瑞典)'],['Andreas ?hman'],8.2
宛如阿修罗 阿修羅のごとく,['135分钟'],"['2003-09-04(蒙特利尔电影节)', '2003-11-08(日本)']",['森田芳光'],8.2
下班后 After Hours,['97 分钟'],['1985-09-13'],['马丁·斯科塞斯'],8.2
虎度门,['87 分钟'],['1996-04-04'],['舒琪'],8.2
曼哈顿谋杀疑案 Manhattan Murder Mystery,['104分钟'],['1993-08-18(美国)'],['伍迪·艾伦'],8.2
心碎往事 House of D,['USA: 96 分钟(Tribeca Film Festival)'],['2004-05-07'],['大卫·杜楚尼'],8.2
骗徒臭事多 Dirty Rotten Scoundrels,['110 分钟'],['1988-12-14(美国)'],['弗兰克·奥兹'],8.2
小叮当：拯救精灵大作战 Tinker Bell and the Great Fairy Rescue,['76分钟'],['2010-09-21(美国)'],['布拉德利·雷蒙德'],8.2
哈洛与慕德 Harold and Maude,['91 分钟'],['1971-12-20'],['哈尔·阿什贝'],8.2
茶之味 茶の味,['143分钟'],['2004-07-17'],['石井克人'],8.2
与男孩同车 Riding in Cars with Boys,['132 分钟'],['2001-10-19'],['潘妮·马歇尔'],8.2
飞行员的妻子 La femme de l&#39;aviateur,['Argentina: 108 分钟'],['1981-03-04'],['埃里克·侯麦'],8.2
抢钱夫妻,['104 分钟'],['1993-12-22'],['张之亮'],8.2
少年泰坦出击电影版 Teen Titans Go! To the Movies,['84分钟'],['2018-07-27(美国)'],"['亚伦·霍瓦斯', '皮得·里达·米切尔']",8.2
世界第一初恋：求婚篇 世界一初恋 プロポーズ編,['21分钟'],['2020-02-21(日本)'],['高桥知也'],8.2
飞狗巴迪 Air Bud,['98 分钟'],['1997-08-01(美国)'],['查尔斯·马丁·史密斯'],8.2
双腿生风 Du vent dans mes mollets,['89分钟'],['2012-08-22(法国)'],['Carine Tardieu '],8.2
严密监视的列车 Ostre sledované vlaky,['93分钟'],['1966-11-18(捷克斯洛伐克)'],['伊日·门泽尔'],8.2
逗阵儿 逗陣ㄟ,['122分钟'],['2013-02-08(中国台湾)'],['卢金城'],8.2
来的都是客,['93分钟'],['1990'],"['马绍惠', '沈荣骥']",8.2
"幸福是一条温暖的毛毯 Happiness Is a Warm Blanket, Charlie Brown",['46分钟'],['2011-05-29(美国)'],"['Andrew Beall', 'Frank Molieri']",8.3
秘密与谎言 Secrets &amp; Lies,['136分钟'],['1996-05-24'],['迈克·李'],8.2
猎艳狂魔 Il mostro,['112 分钟'],['1994-10-22(美国)'],['罗伯托·贝尼尼'],8.2
战略大作战 Kelly&#39;s Heroes,['144分钟'],['1970-06-23(美国)'],['布莱恩·G·赫顿'],8.2
马达加斯加的企鹅：僵尸企鹅就是我 The Penguins of Madagascar: I Was a Penguin Zombie,[],['2010'],['Bret Haaland'],8.2
小孤星 Ponette,['97 分钟'],['1996-09-10'],['雅克·杜瓦隆'],8.2
升空号 Ariel,['73分钟'],['1988-10-21(芬兰)'],['阿基·考里斯马基'],8.2
找乐,['97 分钟'],['1993-09-10'],['宁瀛'],8.2
天堂里的烦恼 Trouble in Paradise,['83分钟'],['1932-10-21'],['恩斯特·刘别谦'],8.2
寻爱之旅 Heartlands,['90 分钟(Edinburgh Film Festival)'],['2003-04-27'],['戴米恩·奥唐纳'],8.2
克罗地亚宪法 Ustav Republike Hrvatske,['93分钟'],"['2016-09-03(蒙特利尔电影节)', '2016-10-06(克罗地亚)']",['拉伊科·格尔利奇'],8.2
三心两性 ハッシュ!,['135 分钟'],"['2001-05(戛纳电影节)', '2002-04-27(日本)']",['桥口亮辅'],8.2
葬礼 お葬式,['124分钟'],['1984-11-17(日本)'],['伊丹十三'],8.2
亚当的苹果 Adams ?bler,['94 分钟'],"['2005-04-15(丹麦)', '2006-08-31(德国)']",['安诺斯·托马斯·延森'],8.2
哔哩哔哩2019拜年祭,['188分钟'],['2019-02-04(中国大陆)'],['超然'],8.2
朝圣者 The Pilgrim,['59 分钟'],['1923-02-26'],['查理·卓别林'],8.2
烟 Smoke,['112 分钟'],['1995-06-09'],"['王颖', '保罗·奥斯特']",8.2
甜蜜的永远 Pelí?ky,['115分钟'],['1999-04-08(捷克)'],['扬·霍布雷克'],8.2
美女与野兽之幸福生活 Beauty and the Beast: Belle&#39;s Magical World,['92分钟'],['1998-02-17(美国)'],"['Cullen Blaine', '戴尔·凯斯', 'Daniel de la Vega', 'Barbara Dourmashkin', 'Bob Kline', 'Burt Medall', 'Mitch Rochon', 'Rick Leon']",8.2
便当盒里的小秘密 Stanley Ka Dabba,['96分钟'],['2011-05-13(印度)'],['阿莫尔·古普特'],8.2
木偶奇遇记 匹诺曹 pinocho,['85分钟'],['1986-12-04'],['Alejandro Malowicki'],8.2
猫和老鼠-海盗寻宝 Tom and Jerry: Shiver Me Whiskers,['USA: 74 分钟'],['2006-08-22'],['Scott Jeralds'],8.2
巴格达咖啡馆 Out of Rosenheim,['95 分钟'],['1987-11-12'],['Percy Adlon'],8.2
三天两夜 恋は舞い降りた,[],['1997-05-17'],['长谷川康夫'],8.2
追梦者 The Commitments,['118 分钟'],['1991-08-14'],['艾伦·帕克'],8.2
追火车日记 Sztuczki,[],['2007-10-25'],['安杰伊·亚基莫夫斯基'],8.2
只爱陌生人 Gadjo dilo,['102 分钟'],['1997-08-10'],['托尼·加列夫'],8.2
告别昨日 Breaking Away,['101 分钟'],['1979-07-20'],['彼得·叶茨'],8.2
最后一杯酒 En el último trago,['93分钟'],['2015-04-10(墨西哥)'],['Jack Zagha Kababie'],8.2
浮生狂想曲 Tuvalu,['101 分钟'],['1999-11-19'],['法伊特·赫尔默'],8.2
丑陋的罗马人 Brutti sporchi e cattivi,['115 分钟'],['1976-12-15'],['埃托尔·斯科拉'],8.2
有时快乐有时悲伤 Kabhi Khushi Kabhie Gham...,['210 分钟'],['2001-12-14'],['卡伦·乔哈尔'],8.2
简瑞里船长 Captain January,['77分钟'],['1936-04-17(美国)'],['大卫·巴特勒'],8.2
你好，李焕英,['128分钟'],['2021-02-12(中国大陆)'],['贾玲'],8.1
无名之辈,['108分钟'],['2018-11-16(中国大陆)'],['饶晓志'],8.1
那些年，我们一起追的女孩 那些年，我們一起追的女孩,['110分钟'],"['2012-01-06(中国大陆)', '2011-08-19(中国台湾)']",['九把刀'],8.1
功夫熊猫 Kung Fu Panda,['95分钟'],"['2008-06-20(中国大陆)', '2008-05-15(戛纳电影节)', '2008-06-06(美国)']","['马克·奥斯本', '约翰·斯蒂文森']",8.1
神偷奶爸2 Despicable Me 2,['99分钟(中国大陆)'],"['2014-01-10(中国大陆)', '2013-07-03(美国)']","['皮埃尔·柯芬', '克里斯·雷纳德']",8.1
无敌破坏王2：大闹互联网 Ralph Breaks the Internet,['112分钟'],"['2018-11-23(中国大陆)', '2018-11-21(美国)']","['菲尔·约翰斯顿', '瑞奇·摩尔']",8.1
超人总动员 The Incredibles,['115分钟'],"['2005-01-28(中国大陆)', '2004-11-05(美国)']",['布拉德·伯德'],8.1
欢乐好声音 Sing,['108分钟'],"['2017-02-17(中国大陆)', '2016-09-11(多伦多电影节)', '2016-12-21(美国)']","['加斯·詹宁斯', '克里斯托夫·卢尔德莱']",8.1
帕丁顿熊2 Paddington 2,['103分钟'],"['2017-12-08(中国大陆)', '2017-11-10(英国)']",['保罗·金'],8.1
冰川时代2：融冰之灾 Ice Age: The Meltdown,['91 分钟'],"['2006-06-09(中国大陆)', '2014-10-13(中国大陆 3D)', '2006-03-31(美国)']",['卡洛斯·沙尔丹哈'],8.1
蒂凡尼的早餐 Breakfast at Tiffany&#39;s,['115 分钟'],['1961-10-05'],['布莱克·爱德华兹'],8.1
冰川时代4 Ice Age: Continental Drift,['88分钟'],"['2012-07-27(中国大陆)', '2012-06-27(法国)', '2012-07-13(美国)']","['麦克·特米尔', '史蒂夫·马蒂诺']",8.1
猫的报恩 猫の恩返し,['75 分钟'],['2002-07-19(日本)'],['森田宏幸'],8.1
花与爱丽丝 花とアリス,['135分钟'],['2004-03-13(日本)'],['岩井俊二'],8.1
你丫闭嘴！ Tais-toi!,['85分钟'],['2003-10-22(法国)'],['弗朗西斯·韦贝尔'],8.1
斗牛,['109分钟'],"['2009-09-11(中国大陆)', '2009-09-10(威尼斯电影节)']",['管虎'],8.1
